151 1843
128 2 131 151 29 30 42 45 46 47 48 53 60 73 74 80 81 86 110 111 123 126 
1 98 131 103 42 46 111 48 81 80 47 92 86 151 126 60 29 30 127 
4 7 8 9 10 11 12 16 17 18 151 24 25 26 28 36 38 39 40 43 49 55 56 57 62 75 76 82 83 94 95 97 104 116 118 
3 7 8 10 11 16 17 18 151 26 27 28 34 35 36 38 39 40 41 43 49 52 55 62 75 76 82 83 88 91 94 97 101 102 118 
6 10 11 15 16 17 151 24 25 27 28 36 38 40 43 49 52 55 58 61 62 72 75 76 82 83 88 91 95 97 101 118 
5 7 8 10 11 12 16 17 151 26 28 33 34 38 39 40 41 43 49 55 58 62 70 72 75 76 83 88 93 101 108 109 118 
3 4 6 135 8 9 12 15 16 17 18 19 151 24 26 28 34 38 39 41 43 55 57 58 62 75 76 87 91 94 97 118 
3 4 6 7 137 10 11 9 15 16 17 18 151 25 26 27 28 33 34 38 39 40 43 49 55 56 57 61 62 63 72 75 76 83 87 88 91 94 95 99 101 102 107 108 118 121 
3 7 8 10 11 12 142 143 16 17 18 19 151 24 25 26 27 28 33 34 35 36 38 39 40 41 43 49 53 55 57 58 62 69 72 75 76 83 88 94 95 97 102 103 108 
129 3 4 5 6 8 9 137 11 12 15 16 17 18 19 148 151 24 25 26 28 33 35 36 37 38 39 40 49 52 55 56 57 62 63 72 75 76 83 87 91 94 95 96 97 101 102 109 121 
3 4 5 6 8 9 10 12 15 16 17 18 19 151 24 25 27 28 33 34 36 38 39 40 41 49 52 55 56 57 58 62 72 75 76 83 88 91 94 96 97 101 109 
3 6 7 9 10 11 15 16 17 18 19 151 24 25 26 28 33 34 35 36 38 39 40 41 43 49 55 56 57 58 62 69 75 76 82 83 94 95 97 101 103 104 106 108 109 118 
14 20 21 23 151 31 32 37 44 59 61 64 65 67 71 77 78 85 89 93 105 114 116 120 125 
132 134 140 13 144 20 21 22 23 151 37 44 49 50 51 59 61 65 66 68 77 78 84 85 89 93 96 100 105 109 113 114 115 116 117 119 122 124 125 
5 7 8 10 11 12 16 17 19 151 25 27 28 34 35 36 38 39 40 41 43 55 57 58 62 72 76 82 83 91 94 95 96 101 102 118 
3 4 5 6 7 8 9 10 11 12 15 17 18 19 151 24 25 26 28 34 36 38 39 40 43 49 55 56 57 58 62 75 76 83 91 94 95 101 104 118 
3 4 5 6 7 8 9 10 11 12 15 16 18 23 151 25 26 27 28 34 36 37 38 39 43 49 55 56 57 61 63 75 76 78 82 83 93 94 95 97 101 103 108 118 
3 4 7 8 9 10 11 12 16 17 19 151 24 25 26 28 34 35 36 38 39 40 41 43 49 55 56 57 61 62 72 75 76 83 91 94 95 97 101 118 
7 9 10 11 12 15 16 18 151 25 28 34 35 36 38 39 43 55 56 69 72 75 76 82 83 95 103 106 109 
13 14 21 151 31 32 37 44 59 61 64 67 68 70 71 78 89 90 105 114 116 120 
13 14 20 151 31 37 44 59 61 65 67 68 70 77 78 79 84 85 89 90 105 114 115 116 120 125 
64 65 66 37 70 71 44 77 14 78 114 116 23 84 119 151 89 
32 37 70 105 44 13 78 14 17 114 116 84 22 151 89 26 93 31 
3 5 7 9 10 11 12 16 18 151 25 28 35 38 39 41 43 55 57 72 75 82 83 94 95 97 109 
3 5 8 9 10 11 12 15 16 17 18 19 151 24 26 27 28 34 35 36 38 39 40 43 49 51 52 55 61 62 72 75 82 83 88 91 94 97 101 102 103 108 118 
3 4 6 7 8 9 10 12 16 17 18 23 151 25 28 34 35 36 38 39 40 43 49 55 56 57 62 69 72 75 76 82 91 94 95 97 102 118 
4 5 8 9 11 142 15 143 17 151 25 28 36 38 39 40 49 52 57 72 75 88 95 101 102 118 
3 4 5 6 7 8 9 10 11 12 15 16 17 18 19 151 24 25 26 27 32 33 34 35 36 38 39 40 41 43 49 55 56 57 58 62 63 72 75 76 82 83 91 94 95 97 101 102 103 104 106 108 109 118 
1 2 98 131 73 42 45 110 111 80 48 81 92 151 126 60 30 127 
128 1 2 131 151 29 42 45 46 47 48 53 60 73 74 80 81 86 92 98 110 111 123 126 127 
32 68 104 105 44 13 78 79 114 20 21 116 23 151 89 
13 20 23 151 28 31 37 44 59 61 65 66 70 71 77 78 84 89 90 104 105 114 115 116 119 120 125 
38 34 35 102 6 8 41 39 11 76 75 108 12 10 72 9 55 151 94 28 62 
4 6 7 8 9 138 11 12 15 16 17 18 19 151 25 26 28 33 38 39 40 41 43 52 55 56 58 62 72 75 76 83 87 88 91 94 101 102 108 118 
4 9 10 12 15 18 19 151 24 25 26 28 33 38 39 40 43 49 51 52 54 55 56 58 61 62 63 75 76 82 83 94 95 97 102 
3 4 5 9 10 11 12 15 16 17 18 19 151 25 26 27 28 38 40 49 52 56 57 62 70 72 75 82 83 88 91 95 118 
10 13 14 17 20 21 22 23 151 32 44 51 61 62 64 67 70 77 78 84 89 90 93 96 104 114 115 116 119 125 
3 4 133 5 7 136 8 10 11 9 12 142 143 16 15 18 19 17 151 24 25 26 27 28 6 33 34 35 36 39 40 41 43 49 52 55 56 57 58 62 69 72 75 76 82 83 87 88 91 94 95 97 101 102 103 106 108 118 
3 4 6 7 8 9 10 11 12 15 16 17 18 19 151 24 25 26 27 28 33 34 35 38 40 41 43 52 55 56 57 72 75 76 83 87 88 91 94 95 101 102 108 109 118 
3 4 5 6 8 9 10 11 12 15 16 18 151 25 26 27 28 34 35 36 38 39 41 43 49 52 56 57 63 72 75 76 83 94 95 96 97 101 118 
4 6 135 7 9 11 12 15 18 151 24 28 33 34 38 39 40 43 55 56 57 58 62 75 76 83 87 91 96 101 108 109 
1 2 131 151 29 30 45 47 48 53 60 73 74 80 81 86 92 98 110 111 126 127 
3 4 5 6 7 8 9 139 12 15 16 17 18 19 151 24 25 26 28 34 35 38 39 40 41 49 51 54 55 56 57 58 61 62 72 75 76 83 87 91 94 96 97 101 102 108 109 118 
130 139 13 141 14 144 20 21 22 23 151 31 32 37 50 59 61 64 65 66 67 68 70 71 77 78 79 84 89 90 93 104 114 115 116 119 120 122 125 
128 1 131 151 29 30 42 46 47 48 53 60 73 74 80 81 86 92 98 110 111 123 126 127 
128 1 2 131 151 30 45 47 48 53 60 73 74 80 81 86 92 98 110 111 123 126 127 
1 2 131 151 30 42 45 46 48 53 60 73 74 80 81 86 92 110 111 123 126 127 
128 1 2 131 151 29 30 42 45 46 47 53 60 73 74 80 81 86 92 110 111 123 126 127 
3 4 5 6 8 9 10 11 12 14 144 17 18 16 151 25 26 27 28 35 36 38 40 43 56 57 58 61 62 72 75 82 83 85 91 93 94 95 96 97 
130 44 141 14 144 51 151 122 61 
64 35 37 105 43 139 14 144 50 61 116 85 117 151 120 25 122 124 93 
34 35 36 5 38 39 40 4 10 11 76 75 151 55 88 25 27 62 
1 131 9 151 30 42 45 46 47 48 60 73 74 80 81 86 92 110 111 123 126 127 
97 82 43 35 151 
3 4 5 6 7 8 9 10 11 12 15 16 17 18 19 151 24 25 26 28 33 34 35 38 39 41 43 52 56 57 58 62 72 75 76 83 88 91 94 95 97 101 109 118 
3 8 136 10 11 12 16 17 18 19 151 26 28 34 35 36 38 39 40 41 43 49 55 57 62 69 75 82 83 95 101 102 104 118 
3 7 8 9 10 11 12 15 16 17 18 151 24 26 27 28 36 38 39 40 41 43 49 55 56 62 75 76 83 88 
5 6 7 9 11 12 139 15 16 147 151 28 34 35 38 41 43 49 55 75 76 82 83 85 95 96 97 100 101 108 109 124 
64 32 130 67 68 90 70 71 105 44 13 14 114 20 21 151 120 89 122 125 
128 1 2 131 151 29 30 42 45 46 47 48 53 73 74 80 81 86 92 110 111 123 126 127 
132 5 134 8 138 140 13 14 17 18 20 21 151 25 32 35 37 43 44 49 50 51 62 65 70 78 84 85 89 93 96 105 116 117 124 
3 4 5 6 7 8 9 138 10 11 12 15 16 18 151 25 26 28 33 34 35 36 37 38 41 43 49 52 55 56 57 61 63 72 75 76 82 83 94 95 97 101 108 118 
35 8 40 10 17 151 28 62 95 
130 67 68 37 70 71 66 44 13 114 115 84 51 20 22 120 89 90 59 93 151 
32 66 70 105 44 13 14 79 114 116 85 21 22 84 89 61 151 
32 65 64 70 44 77 14 114 84 22 151 89 
64 130 68 37 122 70 104 44 13 114 20 21 151 120 89 90 59 
64 130 67 70 71 122 44 78 14 114 20 21 116 84 120 89 90 59 125 151 31 
133 38 103 9 106 12 82 83 19 151 56 26 95 
6 20 21 22 23 151 32 36 37 44 59 61 64 65 66 67 68 71 77 78 79 84 85 89 90 93 113 114 115 116 119 120 125 
32 64 68 70 105 44 13 114 20 116 22 151 120 89 90 59 
5 6 8 9 10 11 15 18 19 151 24 25 26 27 28 33 34 36 38 39 40 43 49 55 62 75 76 83 91 94 95 97 101 102 118 
128 1 131 151 29 30 42 45 46 47 48 53 60 74 80 81 86 92 98 110 111 123 126 127 
1 131 46 73 42 45 110 111 47 92 80 48 81 53 86 30 151 123 60 126 127 
3 4 5 6 7 8 9 10 11 12 16 17 18 19 151 24 25 26 27 28 33 34 35 36 38 39 40 41 43 49 52 55 56 57 58 62 72 76 83 88 91 94 95 97 101 118 
3 4 5 6 7 8 9 10 11 12 15 16 17 18 19 151 26 28 33 34 35 38 39 40 41 43 52 55 57 58 62 72 75 83 88 91 94 95 97 101 102 108 109 118 
32 66 37 70 104 44 13 14 84 85 21 22 151 89 90 
13 14 17 20 21 22 23 151 31 32 37 44 61 68 70 79 84 89 90 93 96 104 114 115 119 
65 134 70 105 44 78 114 116 85 21 84 151 89 31 
1 2 131 151 29 30 42 45 46 47 48 53 60 73 74 81 86 92 98 110 111 126 127 
1 2 131 151 29 30 42 45 46 47 48 53 60 73 74 80 86 92 98 110 111 123 126 127 
3 4 5 133 12 15 17 19 151 24 25 26 28 35 36 38 49 54 56 58 62 69 83 94 95 97 102 103 106 
3 4 5 6 8 136 10 9 12 11 15 16 17 18 19 151 24 25 28 34 35 36 38 39 40 41 43 49 55 56 57 58 62 69 72 75 76 82 88 91 94 95 96 97 101 102 103 108 109 118 
14 146 21 22 23 151 32 37 44 61 64 65 66 68 70 77 78 79 89 93 104 114 115 119 120 
130 132 134 139 13 14 144 147 21 151 49 51 58 61 65 70 77 79 89 93 105 113 115 116 122 124 
128 1 2 131 151 30 42 45 46 47 48 53 60 73 74 80 81 92 110 111 123 126 127 
96 34 100 38 39 8 41 10 43 7 109 112 151 
4 5 6 8 9 11 151 25 27 34 36 38 39 52 55 57 75 76 83 93 96 101 
130 134 141 14 13 20 21 22 23 151 31 32 37 44 59 61 64 65 66 67 68 70 71 77 78 79 84 85 90 93 105 113 114 115 116 117 119 120 122 124 125 
64 32 67 68 37 70 71 44 77 78 114 115 20 21 151 120 89 59 
4 5 7 8 10 11 15 16 18 151 25 26 28 34 36 38 39 41 43 49 55 72 75 76 83 94 97 101 108 118 
128 2 131 151 29 30 42 45 46 47 48 53 60 73 74 80 81 86 98 110 111 123 126 127 
64 37 6 70 44 13 78 14 113 17 51 49 85 116 23 88 89 84 61 151 
3 4 7 136 9 10 11 12 8 15 16 17 18 151 24 25 26 28 33 34 35 38 39 40 43 49 55 62 72 75 76 82 83 91 95 101 102 108 118 
3 5 133 8 9 10 12 15 16 17 18 19 151 24 26 27 28 35 36 38 39 40 49 55 56 58 62 63 69 72 75 76 82 83 94 97 101 103 106 
100 37 40 41 10 11 43 78 15 14 49 83 87 88 151 58 61 
3 4 5 7 9 10 11 12 17 18 151 24 25 26 28 35 38 40 43 49 54 55 58 62 72 75 76 82 83 91 95 101 108 118 
2 73 42 45 110 46 80 81 151 92 29 30 
8 138 102 151 
96 109 14 87 151 58 
4 5 6 8 10 11 12 15 16 17 18 151 25 27 28 34 38 39 40 41 43 55 56 58 62 72 75 76 83 88 91 94 95 97 102 118 
129 4 8 9 10 15 151 25 26 27 28 33 34 35 38 39 43 56 72 76 82 83 94 99 101 103 118 121 
2 133 102 38 69 9 106 12 17 82 19 83 151 25 28 95 
32 67 3 37 44 77 78 12 16 84 151 56 28 31 
132 134 13 14 147 20 21 23 151 31 32 51 59 61 65 71 79 85 89 114 116 122 124 125 
69 133 103 38 12 82 19 151 28 95 
8 137 112 121 151 
6 8 9 12 17 151 25 28 33 34 38 39 41 43 58 62 76 83 91 94 97 109 118 121 
100 6 39 41 10 11 43 76 108 14 12 19 83 87 55 24 151 58 28 
128 1 131 151 29 30 42 45 46 47 48 53 60 73 74 80 81 86 92 98 111 123 126 127 
1 2 131 151 29 30 42 45 46 47 48 53 60 73 74 80 81 86 92 110 123 126 127 
151 107 87 
70 14 114 116 85 151 89 93 
130 13 14 20 21 22 23 151 31 32 37 44 59 64 65 66 67 68 70 71 78 79 84 89 90 105 113 115 116 119 120 125 
64 32 37 70 44 14 78 114 116 21 85 119 120 89 90 84 125 151 
3 13 14 20 21 22 23 151 31 32 37 44 51 61 65 68 70 71 79 85 89 93 105 113 114 115 120 125 
140 14 51 151 89 61 
3 4 5 6 7 8 12 15 16 17 18 151 25 26 27 28 34 36 38 39 40 43 55 56 62 72 75 76 83 91 94 97 101 102 108 
32 37 70 44 140 78 14 114 115 84 22 151 120 89 
134 13 20 21 151 32 44 51 59 64 67 68 70 71 84 89 90 114 115 116 119 125 
102 8 10 107 108 151 
130 67 132 68 105 139 140 141 14 44 144 145 50 51 85 151 89 59 124 
1 131 73 74 45 110 111 48 81 47 92 46 53 86 151 126 60 30 127 
132 134 122 105 139 14 144 145 51 147 85 151 89 58 61 
32 68 37 70 105 44 13 14 114 115 116 21 151 120 89 59 
128 1 2 131 151 29 30 42 45 46 47 48 53 60 73 74 80 81 86 92 110 111 123 127 
128 2 131 151 29 30 42 45 46 47 48 53 60 73 74 80 81 86 92 110 111 123 126 
1 131 73 45 110 92 48 46 86 30 151 60 126 127 
10 148 102 151 
64 67 68 139 44 141 50 114 85 151 89 122 59 
128 1 2 151 29 30 42 45 46 47 48 53 60 73 74 80 81 86 92 110 111 123 126 127 
134 105 139 14 144 147 85 151 122 124 61 
69 38 103 106 82 151 95 
132 105 139 140 14 79 147 85 151 120 89 124 61 
151 41 7 
56 94 83 38 151 
8 10 107 151 
34 99 61 62 151 
130 132 58 134 43 44 51 85 151 122 124 
134 14 117 119 151 122 61 
130 44 144 50 151 89 122 
9 27 38 151 
9 27 38 151 
132 44 141 14 49 50 51 85 151 122 124 
122 124 151 
84 151 
132 134 105 85 151 58 124 
129 10 151 
150 151 
149 151 
1 2 3 4 5 6 7 8 9 10 11 12 13 14 15 16 17 18 19 20 21 22 23 24 25 26 27 28 29 30 31 32 33 34 35 36 37 38 39 40 41 42 43 44 45 46 47 48 49 50 51 52 53 54 55 56 57 58 59 60 61 62 63 64 65 66 67 68 69 70 71 72 73 74 75 76 77 78 79 80 81 82 83 84 85 86 87 88 89 90 91 92 93 94 95 96 97 98 99 100 101 102 103 104 105 106 107 108 109 110 111 112 113 114 115 116 117 118 119 120 121 122 123 124 125 126 127 128 129 130 131 132 133 134 135 136 137 138 139 140 141 142 143 144 145 146 147 148 149 150 
